187.2298591
188.0350340
188.8402090
189.6453840
190.4505590
191.2557340
192.0609089
192.8660839
193.6712589
194.4764339
195.2816089
196.0867838
196.8919588
197.6971338
198.5023088
199.3074837
200.1126587
200.9178337
201.7230087
202.5281837
203.3333586
204.1385336
204.9437086
205.7488836
206.5540586
207.3592335
208.1644085
208.9695835
209.7747585
210.5799334
211.3851084
212.1902834
212.9954584
213.8006334
214.6058083
215.4109833
216.2161583
217.0213333
217.8265083
218.6316832
219.4368582
220.2420332
221.0472082
221.8523832
222.6575581
223.4627331
224.2679081
225.0730831
225.8782580
226.6834330
227.4886080
228.2937830
229.0989580
229.9041329
230.7093079
231.5144829
232.3196579
233.1248329
233.9300078
234.7351828
235.5403578
236.3455328
237.1507077
237.9558827
238.7610577
239.5662327
240.3714077
241.1765826
241.9817576
242.7869326
243.5921076
244.3972826
245.2024575
246.0076325
246.8128075
247.6179825
248.4231575
249.2283324
250.0335074
250.8386824
251.6438574
252.4490323
253.2542073
254.0593823
254.8645573
255.6697323
256.4749072
257.2800822
258.0852572
258.8904322
259.6956072
260.5007821
261.3059571
262.1111321
262.9163071
263.7214821
264.5266570
265.3318320
266.1370070
266.9421820
267.7473569
268.5525319
269.3577069
270.1628819
270.9680569
271.7732318
272.5784068
273.3835818
274.1887568
274.9939318
275.7991067
276.6042817
277.4094567
278.2146317
279.0198066
279.8249816
280.6301566
281.4353316
282.2405066
283.0456815
283.8508565
284.6560315
285.4612065
286.2663815
287.0715564
287.8767314
288.6819064
289.4870814
290.2922564
291.0974313
291.9026063
292.7077813
293.5129563
294.3181312
295.1233062
295.9284812
296.7336562
297.5388312
298.3440061
299.1491811
299.9543561
300.7595311
301.5647061
302.3698810
303.1750560
303.9802310
304.7854060
305.5905809
306.3957559
307.2009309
308.0061059
308.8112809
309.6164558
310.4216308
311.2268058
312.0319808
312.8371558
313.6423307
314.4475057
315.2526807
316.0578557
316.8630307
317.6682056
318.4733806
319.2785556
320.0837306
320.8889055
321.6940805
322.4992555
323.3044305
324.1096055
324.9147804
325.7199554
326.5251304
327.3303054
328.1354804
328.9406553
329.7458303
330.5510053
331.3561803
332.1613553
332.9665302
333.7717052
334.5768802
335.3820552
336.1872301
336.9924051
337.7975801
338.6027551
339.4079301
340.2131050
341.0182800
341.8234550
342.6286300
343.4338050
344.2389799
345.0441549
345.8493299
346.6545049
347.4596798
348.2648548
349.0700298
349.8752048
350.6803798
351.4855547
352.2907297
353.0959047
353.9010797
354.7062547
355.5114296
356.3166046
357.1217796
357.9269546
358.7321296
359.5373045
360.3424795
361.1476545
361.9528295
362.7580044
363.5631794
364.3683544
365.1735294
365.9787044
366.7838793
367.5890543
368.3942293
369.1994043
370.0045793
370.8097542
371.6149292
372.4201042
373.2252792
374.0304542
374.8356291
375.6408041
376.4459791
377.2511541
378.0563290
378.8615040
379.6666790
380.4718540
381.2770290
382.0822039
382.8873789
383.6925539
384.4977289
385.3029039
386.1080788
386.9132538
387.7184288
388.5236038
389.3287787
390.1339537
390.9391287
391.7443037
392.5494787
393.3546536
394.1598286
394.9650036
395.7701786
396.5753536
397.3805285
398.1857035
398.9908785
399.7960535
400.6012285
401.4064034
402.2115784
403.0167534
403.8219284
404.6271033
405.4322783
406.2374533
407.0426283
407.8478033
408.6529782
409.4581532
410.2633282
411.0685032
411.8736782
412.6788531
413.4840281
414.2892031
415.0943781
415.8995530
416.7047280
417.5099030
418.3150780
419.1202530
419.9254279
420.7306029
421.5357779
422.3409529
423.1461279
423.9513028
424.7564778
425.5616528
426.3668278
427.1720028
427.9771777
428.7823527
429.5875277
430.3927027
431.1978776
432.0030526
432.8082276
433.6134026
434.4185776
435.2237525
436.0289275
436.8341025
437.6392775
438.4444525
439.2496274
440.0548024
440.8599774
441.6651524
442.4703274
443.2755023
444.0806773
444.8858523
445.6910273
446.4962022
447.3013772
448.1065522
448.9117272
449.7169022
450.5220771
451.3272521
452.1324271
452.9376021
453.7427771
454.5479520
455.3531270
456.1583020
456.9634770
457.7686519
458.5738269
459.3790019
460.1841769
460.9893519
461.7945268
462.5997018
463.4048768
464.2100518
465.0152268
465.8204017
466.6255767
467.4307517
468.2359267
469.0411017
469.8462766
470.6514516
471.4566266
472.2618016
473.0669765
473.8721515
474.6773265
475.4825015
476.2876765
477.0928514
477.8980264
478.7032014
479.5083764
480.3135514
481.1187263
481.9239013
482.7290763
483.5342513
484.3394262
485.1446012
485.9497762
486.7549512
487.5601262
488.3653011
489.1704761
489.9756511
490.7808261
491.5860011
492.3911760
493.1963510
494.0015260
494.8067010
495.6118760
496.4170509
497.2222259
498.0274009
498.8325759
499.6377508
500.4429258
501.2481008
502.0532758
502.8584508
503.6636257
504.4688007
505.2739757
506.0791507
506.8843257
507.6895006
508.4946756
509.2998506
510.1050256
510.9102006
511.7153755
512.5205505
513.3257255
514.1309005
514.9360754
515.7412504
516.5464254
517.3516004
518.1567754
518.9619503
519.7671253
520.5723003
521.3774753
522.1826503
522.9878252
523.7930002
524.5981752
525.4033502
526.2085251
527.0137001
527.8188751
528.6240501
529.4292251
530.2344000
531.0395750
531.8447500
532.6499250
533.4551000
534.2602749
535.0654499
535.8706249
536.6757999
537.4809749
538.2861498
539.0913248
539.8964998
540.7016748
541.5068497
542.3120247
543.1171997
543.9223747
544.7275497
545.5327246
546.3378996
547.1430746
547.9482496
548.7534246
549.5585995
550.3637745
551.1689495
551.9741245
552.7792995
553.5844744
554.3896494
555.1948244
555.9999994
556.8051743
557.6103493
558.4155243
559.2206993
560.0258743
560.8310492
561.6362242
562.4413992
563.2465742
564.0517492
564.8569241
565.6620991
566.4672741
567.2724491
568.0776240
568.8827990
569.6879740
570.4931490
571.2983240
572.1034989
572.9086739
573.7138489
574.5190239
575.3241989
576.1293738
576.9345488
577.7397238
578.5448988
579.3500738
580.1552487
580.9604237
581.7655987
582.5707737
583.3759486
584.1811236
584.9862986
585.7914736
586.5966486
587.4018235
588.2069985
589.0121735
589.8173485
590.6225235
591.4276984
592.2328734
593.0380484
593.8432234
594.6483983
595.4535733
596.2587483
597.0639233
597.8690983
598.6742732
599.4794482
600.2846232
601.0897982
601.8949732
602.7001481
603.5053231
604.3104981
605.1156731
605.9208481
606.7260230
607.5311980
608.3363730
609.1415480
609.9467229
610.7518979
611.5570729
612.3622479
613.1674229
613.9725978
614.7777728
615.5829478
616.3881228
617.1932978
617.9984727
618.8036477
619.6088227
620.4139977
621.2191727
622.0243476
622.8295226
623.6346976
624.4398726
625.2450475
626.0502225
626.8553975
627.6605725
628.4657475
629.2709224
630.0760974
630.8812724
631.6864474
632.4916224
633.2967973
634.1019723
634.9071473
635.7123223
636.5174972
637.3226722
638.1278472
638.9330222
639.7381972
640.5433721
641.3485471
642.1537221
642.9588971
643.7640721
644.5692470
645.3744220
646.1795970
646.9847720
647.7899470
648.5951219
649.4002969
650.2054719
651.0106469
651.8158218
652.6209968
653.4261718
654.2313468
655.0365218
655.8416967
656.6468717
657.4520467
658.2572217
659.0623967
659.8675716
660.6727466
661.4779216
662.2830966
663.0882715
663.8934465
664.6986215
665.5037965
666.3089715
667.1141464
667.9193214
668.7244964
669.5296714
670.3348464
671.1400213
671.9451963
672.7503713
673.5555463
674.3607213
675.1658962
675.9710712
676.7762462
677.5814212
678.3865961
679.1917711
679.9969461
680.8021211
681.6072961
682.4124710
683.2176460
684.0228210
684.8279960
685.6331710
686.4383459
687.2435209
688.0486959
688.8538709
689.6590459
690.4642208
691.2693958
692.0745708
692.8797458
693.6849207
694.4900957
695.2952707
696.1004457
696.9056207
697.7107956
698.5159706
699.3211456
700.1263206
700.9314956
701.7366705
702.5418455
703.3470205
704.1521955
704.9573704
705.7625454
706.5677204
707.3728954
708.1780704
708.9832453
709.7884203
710.5935953
711.3987703
712.2039453
713.0091202
713.8142952
714.6194702
715.4246452
716.2298202
717.0349951
717.8401701
718.6453451
719.4505201
720.2556950
721.0608700
721.8660450
722.6712200
723.4763950
724.2815699
725.0867449
725.8919199
726.6970949
727.5022699
728.3074448
729.1126198
729.9177948
730.7229698
731.5281448
732.3333197
733.1384947
733.9436697
734.7488447
735.5540196
736.3591946
737.1643696
737.9695446
738.7747196
739.5798945
740.3850695
741.1902445
741.9954195
742.8005945
743.6057694
744.4109444
745.2161194
746.0212944
746.8264693
747.6316443
748.4368193
749.2419943
750.0471693
750.8523442
751.6575192
752.4626942
753.2678692
754.0730442
754.8782191
755.6833941
756.4885691
757.2937441
758.0989191
758.9040940
759.7092690
760.5144440
761.3196190
762.1247939
762.9299689
763.7351439
764.5403189
765.3454939
766.1506688
766.9558438
767.7610188
768.5661938
769.3713688
770.1765437
770.9817187
771.7868937
772.5920687
773.3972436
774.2024186
775.0075936
775.8127686
776.6179436
777.4231185
778.2282935
779.0334685
779.8386435
780.6438185
781.4489934
782.2541684
783.0593434
783.8645184
784.6696934
785.4748683
786.2800433
787.0852183
787.8903933
788.6955682
789.5007432
790.3059182
791.1110932
791.9162682
792.7214431
793.5266181
794.3317931
795.1369681
795.9421431
796.7473180
797.5524930
798.3576680
799.1628430
799.9680180
800.7731929
801.5783679
802.3835429
803.1887179
803.9938928
804.7990678
805.6042428
806.4094178
807.2145928
808.0197677
808.8249427
809.6301177
810.4352927
811.2404677
812.0456426
812.8508176
813.6559926
814.4611676
815.2663425
816.0715175
816.8766925
817.6818675
818.4870425
819.2922174
820.0973924
820.9025674
821.7077424
822.5129174
823.3180923
824.1232673
824.9284423
825.7336173
826.5387923
827.3439672
828.1491422
828.9543172
829.7594922
830.5646671
831.3698421
832.1750171
832.9801921
833.7853671
834.5905420
835.3957170
836.2008920
837.0060670
837.8112420
838.6164169
839.4215919
840.2267669
841.0319419
841.8371168
842.6422918
843.4474668
844.2526418
845.0578168
845.8629917
846.6681667
847.4733417
848.2785167
849.0836917
849.8888666
850.6940416
851.4992166
852.3043916
853.1095666
853.9147415
854.7199165
855.5250915
856.3302665
857.1354414
857.9406164
858.7457914
859.5509664
860.3561414
861.1613163
861.9664913
862.7716663
863.5768413
864.3820163
865.1871912
865.9923662
866.7975412
867.6027162
868.4078912
869.2130661
870.0182411
870.8234161
871.6285911
872.4337660
873.2389410
874.0441160
874.8492910
875.6544660
876.4596409
877.2648159
878.0699909
878.8751659
879.6803409
880.4855158
881.2906908
882.0958658
882.9010408
883.7062157
884.5113907
885.3165657
886.1217407
886.9269157
887.7320906
888.5372656
889.3424406
890.1476156
890.9527906
891.7579655
892.5631405
893.3683155
894.1734905
894.9786655
895.7838404
896.5890154
897.3941904
898.1993654
899.0045403
899.8097153
900.6148903
901.4200653
902.2252403
903.0304152
903.8355902
904.6407652
905.4459402
906.2511152
907.0562901
907.8614651
908.6666401
909.4718151
910.2769901
911.0821650
911.8873400
912.6925150
913.4976900
914.3028649
915.1080399
915.9132149
916.7183899
917.5235649
918.3287398
919.1339148
919.9390898
920.7442648
921.5494398
922.3546147
923.1597897
923.9649647
924.7701397
925.5753146
926.3804896
927.1856646
927.9908396
928.7960146
929.6011895
930.4063645
931.2115395
932.0167145
932.8218895
933.6270644
934.4322394
935.2374144
936.0425894
936.8477644
937.6529393
938.4581143
939.2632893
940.0684643
940.8736392
941.6788142
942.4839892
943.2891642
944.0943392
944.8995141
945.7046891
946.5098641
947.3150391
948.1202141
948.9253890
949.7305640
950.5357390
951.3409140
952.1460889
952.9512639
953.7564389
954.5616139
955.3667889
956.1719638
956.9771388
957.7823138
958.5874888
959.3926638
960.1978387
961.0030137
961.8081887
962.6133637
963.4185387
964.2237136
965.0288886
965.8340636
966.6392386
967.4444135
968.2495885
969.0547635
969.8599385
970.6651135
971.4702884
972.2754634
973.0806384
973.8858134
974.6909884
975.4961633
976.3013383
977.1065133
977.9116883
978.7168633
979.5220382
980.3272132
981.1323882
981.9375632
982.7427381
983.5479131
984.3530881
985.1582631
985.9634381
986.7686130
987.5737880
988.3789630
989.1841380
989.9893130
990.7944879
991.5996629
992.4048379
993.2100129
994.0151878
994.8203628
995.6255378
996.4307128
997.2358878
998.0410627
998.8462377
999.6514127
1000.4565877
1001.2617627
1002.0669376
1002.8721126
1003.6772876
1004.4824626
1005.2876376
1006.0928125
1006.8979875
1007.7031625
1008.5083375
1009.3135124
1010.1186874
1010.9238624
1011.7290374
1012.5342124
1013.3393873
1014.1445623
1014.9497373
1015.7549123
1016.5600873
1017.3652622
1018.1704372
1018.9756122
1019.7807872
1020.5859621
1021.3911371
1022.1963121
1023.0014871
1023.8066621
1024.6118370
1025.4170120
1026.2221870
1027.0273620
1027.8325370
1028.6377119
1029.4428869
1030.2480619
1031.0532369
1031.8584119
1032.6635868
1033.4687618
1034.2739368
1035.0791118
1035.8842867
1036.6894617
1037.4946367
1038.2998117
1039.1049867
1039.9101616
1040.7153366
1041.5205116
1042.3256866
1043.1308616
1043.9360365
1044.7412115
1045.5463865
1046.3515615
1047.1567365
1047.9619114
1048.7670864
1049.5722614
1050.3774364
1051.1826113
1051.9877863
1052.7929613
1053.5981363
1054.4033113
1055.2084862
1056.0136612
1056.8188362
1057.6240112
1058.4291862
1059.2343611
1060.0395361
1060.8447111
1061.6498861
1062.4550610
1063.2602360
1064.0654110
1064.8705860
1065.6757610
1066.4809359
1067.2861109
1068.0912859
1068.8964609
1069.7016359
1070.5068108
1071.3119858
1072.1171608
1072.9223358
1073.7275108
1074.5326857
1075.3378607
1076.1430357
1076.9482107
1077.7533856
1078.5585606
1079.3637356
1080.1689106
1080.9740856
1081.7792605
1082.5844355
1083.3896105
1084.1947855
1084.9999605
1085.8051354
1086.6103104
1087.4154854
1088.2206604
1089.0258354
1089.8310103
1090.6361853
1091.4413603
1092.2465353
1093.0517102
1093.8568852
1094.6620602
1095.4672352
1096.2724102
1097.0775851
1097.8827601
1098.6879351
1099.4931101
1100.2982851
1101.1034600
1101.9086350
1102.7138100
1103.5189850
1104.3241599
1105.1293349
1105.9345099
1106.7396849
1107.5448599
1108.3500348
1109.1552098
1109.9603848
1110.7655598
1111.5707348
1112.3759097
1113.1810847
1113.9862597
1114.7914347
1115.5966097
1116.4017846
1117.2069596
1118.0121346
1118.8173096
1119.6224845
1120.4276595
1121.2328345
1122.0380095
1122.8431845
1123.6483594
1124.4535344
1125.2587094
1126.0638844
1126.8690594
1127.6742343
1128.4794093
1129.2845843
1130.0897593
1130.8949342
1131.7001092
1132.5052842
1133.3104592
1134.1156342
1134.9208091
1135.7259841
1136.5311591
1137.3363341
1138.1415091
1138.9466840
1139.7518590
1140.5570340
1141.3622090
1142.1673840
1142.9725589
1143.7777339
1144.5829089
1145.3880839
1146.1932588
1146.9984338
1147.8036088
1148.6087838
1149.4139588
1150.2191337
1151.0243087
1151.8294837
1152.6346587
1153.4398337
1154.2450086
1155.0501836
1155.8553586
1156.6605336
1157.4657086
1158.2708835
1159.0760585
1159.8812335
1160.6864085
1161.4915834
1162.2967584
1163.1019334
1163.9071084
1164.7122834
1165.5174583
1166.3226333
1167.1278083
1167.9329833
1168.7381583
1169.5433332
1170.3485082
1171.1536832
1171.9588582
1172.7640331
1173.5692081
1174.3743831
1175.1795581
1175.9847331
1176.7899080
1177.5950830
1178.4002580
1179.2054330
1180.0106080
1180.8157829
1181.6209579
1182.4261329
1183.2313079
1184.0364829
1184.8416578
1185.6468328
1186.4520078
1187.2571828
1188.0623577
1188.8675327
1189.6727077
1190.4778827
1191.2830577
1192.0882326
1192.8934076
1193.6985826
1194.5037576
1195.3089326
1196.1141075
1196.9192825
1197.7244575
1198.5296325
1199.3348074
1200.1399824
1200.9451574
1201.7503324
1202.5555074
1203.3606823
1204.1658573
1204.9710323
1205.7762073
1206.5813823
1207.3865572
1208.1917322
1208.9969072
1209.8020822
1210.6072572
1211.4124321
1212.2176071
1213.0227821
1213.8279571
1214.6331320
1215.4383070
1216.2434820
1217.0486570
1217.8538320
1218.6590069
1219.4641819
1220.2693569
1221.0745319
1221.8797069
1222.6848818
1223.4900568
1224.2952318
1225.1004068
1225.9055818
1226.7107567
1227.5159317
1228.3211067
1229.1262817
1229.9314566
1230.7366316
1231.5418066
1232.3469816
1233.1521566
1233.9573315
1234.7625065
1235.5676815
1236.3728565
1237.1780315
1237.9832064
1238.7883814
1239.5935564
1240.3987314
1241.2039063
1242.0090813
1242.8142563
1243.6194313
1244.4246063
1245.2297812
1246.0349562
1246.8401312
1247.6453062
1248.4504812
1249.2556561
1250.0608311
1250.8660061
1251.6711811
1252.4763561
1253.2815310
1254.0867060
1254.8918810
1255.6970560
1256.5022309
1257.3074059
1258.1125809
1258.9177559
1259.7229309
1260.5281058
1261.3332808
1262.1384558
1262.9436308
1263.7488058
1264.5539807
1265.3591557
1266.1643307
1266.9695057
1267.7746807
1268.5798556
1269.3850306
1270.1902056
1270.9953806
1271.8005555
1272.6057305
1273.4109055
1274.2160805
1275.0212555
1275.8264304
1276.6316054
1277.4367804
1278.2419554
1279.0471304
1279.8523053
1280.6574803
1281.4626553
1282.2678303
1283.0730052
1283.8781802
1284.6833552
1285.4885302
1286.2937052
1287.0988801
1287.9040551
1288.7092301
1289.5144051
1290.3195801
1291.1247550
1291.9299300
1292.7351050
1293.5402800
1294.3454550
1295.1506299
1295.9558049
1296.7609799
1297.5661549
1298.3713298
1299.1765048
1299.9816798
1300.7868548
1301.5920298
1302.3972047
1303.2023797
1304.0075547
1304.8127297
1305.6179047
1306.4230796
1307.2282546
1308.0334296
1308.8386046
1309.6437795
1310.4489545
1311.2541295
1312.0593045
1312.8644795
1313.6696544
1314.4748294
1315.2800044
1316.0851794
1316.8903544
1317.6955293
1318.5007043
1319.3058793
1320.1110543
1320.9162293
1321.7214042
1322.5265792
1323.3317542
1324.1369292
1324.9421041
1325.7472791
1326.5524541
1327.3576291
1328.1628041
1328.9679790
1329.7731540
1330.5783290
1331.3835040
1332.1886790
1332.9938539
1333.7990289
1334.6042039
1335.4093789
1336.2145539
1337.0197288
1337.8249038
1338.6300788
1339.4352538
1340.2404287
1341.0456037
1341.8507787
1342.6559537
1343.4611287
1344.2663036
1345.0714786
1345.8766536
1346.6818286
1347.4870036
1348.2921785
1349.0973535
1349.9025285
1350.7077035
1351.5128784
1352.3180534
1353.1232284
1353.9284034
1354.7335784
1355.5387533
1356.3439283
1357.1491033
1357.9542783
1358.7594533
1359.5646282
1360.3698032
1361.1749782
1361.9801532
1362.7853282
1363.5905031
1364.3956781
1365.2008531
1366.0060281
1366.8112030
1367.6163780
1368.4215530
1369.2267280
1370.0319030
1370.8370779
1371.6422529
1372.4474279
1373.2526029
1374.0577779
1374.8629528
1375.6681278
1376.4733028
1377.2784778
1378.0836527
1378.8888277
1379.6940027
1380.4991777
1381.3043527
1382.1095276
1382.9147026
1383.7198776
1384.5250526
1385.3302276
1386.1354025
1386.9405775
1387.7457525
1388.5509275
1389.3561025
1390.1612774
1390.9664524
1391.7716274
1392.5768024
1393.3819773
1394.1871523
1394.9923273
1395.7975023
1396.6026773
1397.4078522
1398.2130272
1399.0182022
1399.8233772
1400.6285522
1401.4337271
1402.2389021
1403.0440771
1403.8492521
1404.6544271
1405.4596020
1406.2647770
1407.0699520
1407.8751270
1408.6803019
1409.4854769
1410.2906519
1411.0958269
1411.9010019
1412.7061768
1413.5113518
1414.3165268
1415.1217018
1415.9268768
1416.7320517
1417.5372267
1418.3424017
1419.1475767
1419.9527516
1420.7579266
1421.5631016
1422.3682766
1423.1734516
1423.9786265
1424.7838015
1425.5889765
1426.3941515
1427.1993265
1428.0045014
1428.8096764
1429.6148514
1430.4200264
1431.2252014
1432.0303763
1432.8355513
1433.6407263
1434.4459013
1435.2510762
1436.0562512
1436.8614262
1437.6666012
1438.4717762
1439.2769511
1440.0821261
1440.8873011
1441.6924761
1442.4976511
1443.3028260
1444.1080010
1444.9131760
1445.7183510
1446.5235260
1447.3287009
1448.1338759
1448.9390509
1449.7442259
1450.5494008
1451.3545758
1452.1597508
1452.9649258
1453.7701008
1454.5752757
1455.3804507
1456.1856257
1456.9908007
1457.7959757
1458.6011506
1459.4063256
1460.2115006
1461.0166756
1461.8218505
1462.6270255
1463.4322005
1464.2373755
1465.0425505
1465.8477254
1466.6529004
1467.4580754
1468.2632504
1469.0684254
1469.8736003
1470.6787753
1471.4839503
1472.2891253
1473.0943003
1473.8994752
1474.7046502
1475.5098252
1476.3150002
1477.1201751
1477.9253501
1478.7305251
1479.5357001
1480.3408751
1481.1460500
1481.9512250
1482.7564000
1483.5615750
1484.3667500
1485.1719249
1485.9770999
1486.7822749
1487.5874499
1488.3926248
1489.1977998
1490.0029748
1490.8081498
1491.6133248
1492.4184997
1493.2236747
1494.0288497
1494.8340247
1495.6391997
1496.4443746
1497.2495496
1498.0547246
1498.8598996
1499.6650746
1500.4702495
1501.2754245
1502.0805995
1502.8857745
1503.6909494
1504.4961244
1505.3012994
1506.1064744
1506.9116494
1507.7168243
1508.5219993
1509.3271743
1510.1323493
1510.9375243
1511.7426992
1512.5478742
1513.3530492
1514.1582242
1514.9633992
1515.7685741
1516.5737491
1517.3789241
1518.1840991
1518.9892740
1519.7944490
1520.5996240
1521.4047990
1522.2099740
1523.0151489
1523.8203239
1524.6254989
1525.4306739
1526.2358489
1527.0410238
1527.8461988
1528.6513738
1529.4565488
1530.2617237
1531.0668987
1531.8720737
1532.6772487
1533.4824237
1534.2875986
1535.0927736
1535.8979486
1536.7031236
1537.5082986
1538.3134735
1539.1186485
1539.9238235
1540.7289985
1541.5341735
1542.3393484
1543.1445234
1543.9496984
1544.7548734
1545.5600483
1546.3652233
1547.1703983
1547.9755733
1548.7807483
1549.5859232
1550.3910982
1551.1962732
1552.0014482
1552.8066232
1553.6117981
1554.4169731
1555.2221481
1556.0273231
1556.8324980
1557.6376730
1558.4428480
1559.2480230
1560.0531980
1560.8583729
1561.6635479
1562.4687229
1563.2738979
1564.0790729
1564.8842478
1565.6894228
1566.4945978
1567.2997728
1568.1049478
1568.9101227
1569.7152977
1570.5204727
1571.3256477
1572.1308226
1572.9359976
1573.7411726
1574.5463476
1575.3515226
1576.1566975
1576.9618725
1577.7670475
1578.5722225
1579.3773975
1580.1825724
1580.9877474
1581.7929224
1582.5980974
1583.4032724
1584.2084473
1585.0136223
1585.8187973
1586.6239723
1587.4291472
1588.2343222
1589.0394972
1589.8446722
1590.6498472
1591.4550221
1592.2601971
1593.0653721
1593.8705471
1594.6757221
1595.4808970
1596.2860720
1597.0912470
1597.8964220
1598.7015969
1599.5067719
1600.3119469
1601.1171219
1601.9222969
1602.7274718
1603.5326468
1604.3378218
1605.1429968
1605.9481718
1606.7533467
1607.5585217
1608.3636967
1609.1688717
1609.9740467
1610.7792216
1611.5843966
1612.3895716
1613.1947466
1613.9999215
1614.8050965
1615.6102715
1616.4154465
1617.2206215
1618.0257964
1618.8309714
1619.6361464
1620.4413214
1621.2464964
1622.0516713
1622.8568463
1623.6620213
1624.4671963
1625.2723713
1626.0775462
1626.8827212
1627.6878962
1628.4930712
1629.2982461
1630.1034211
1630.9085961
1631.7137711
1632.5189461
1633.3241210
1634.1292960
1634.9344710
1635.7396460
1636.5448210
1637.3499959
1638.1551709
1638.9603459
1639.7655209
1640.5706958
1641.3758708
1642.1810458
1642.9862208
1643.7913958
1644.5965707
1645.4017457
1646.2069207
1647.0120957
1647.8172707
1648.6224456
1649.4276206
1650.2327956
1651.0379706
1651.8431456
1652.6483205
1653.4534955
1654.2586705
1655.0638455
1655.8690204
1656.6741954
1657.4793704
1658.2845454
1659.0897204
1659.8948953
1660.7000703
1661.5052453
1662.3104203
1663.1155953
1663.9207702
1664.7259452
1665.5311202
1666.3362952
1667.1414701
1667.9466451
1668.7518201
1669.5569951
1670.3621701
1671.1673450
1671.9725200
1672.7776950
1673.5828700
1674.3880450
1675.1932199
1675.9983949
1676.8035699
1677.6087449
1678.4139199
1679.2190948
1680.0242698
1680.8294448
1681.6346198
1682.4397947
1683.2449697
1684.0501447
1684.8553197
1685.6604947
1686.4656696
1687.2708446
1688.0760196
1688.8811946
1689.6863696
1690.4915445
1691.2967195
1692.1018945
1692.9070695
1693.7122445
1694.5174194
1695.3225944
1696.1277694
1696.9329444
1697.7381193
1698.5432943
1699.3484693
1700.1536443
1700.9588193
1701.7639942
1702.5691692
1703.3743442
1704.1795192
1704.9846942
1705.7898691
1706.5950441
1707.4002191
1708.2053941
1709.0105690
1709.8157440
1710.6209190
1711.4260940
1712.2312690
1713.0364439
1713.8416189
1714.6467939
1715.4519689
1716.2571439
1717.0623188
1717.8674938
1718.6726688
1719.4778438
1720.2830188
1721.0881937
1721.8933687
1722.6985437
1723.5037187
1724.3088936
1725.1140686
1725.9192436
1726.7244186
1727.5295936
1728.3347685
1729.1399435
1729.9451185
1730.7502935
1731.5554685
1732.3606434
1733.1658184
1733.9709934
1734.7761684
1735.5813433
1736.3865183
1737.1916933
1737.9968683
1738.8020433
1739.6072182
1740.4123932
1741.2175682
1742.0227432
1742.8279182
1743.6330931
1744.4382681
1745.2434431
1746.0486181
1746.8537931
1747.6589680
1748.4641430
1749.2693180
1750.0744930
1750.8796679
1751.6848429
1752.4900179
1753.2951929
1754.1003679
1754.9055428
1755.7107178
1756.5158928
1757.3210678
1758.1262428
1758.9314177
1759.7365927
1760.5417677
1761.3469427
1762.1521177
1762.9572926
1763.7624676
1764.5676426
1765.3728176
1766.1779925
1766.9831675
1767.7883425
1768.5935175
1769.3986925
1770.2038674
1771.0090424
1771.8142174
1772.6193924
1773.4245674
1774.2297423
1775.0349173
1775.8400923
1776.6452673
1777.4504422
1778.2556172
1779.0607922
1779.8659672
1780.6711422
1781.4763171
1782.2814921
1783.0866671
1783.8918421
1784.6970171
1785.5021920
1786.3073670
1787.1125420
1787.9177170
1788.7228920
1789.5280669
1790.3332419
1791.1384169
1791.9435919
1792.7487668
1793.5539418
1794.3591168
1795.1642918
1795.9694668
1796.7746417
1797.5798167
1798.3849917
1799.1901667
1799.9953417
1800.8005166
1801.6056916
1802.4108666
1803.2160416
1804.0212166
1804.8263915
1805.6315665
1806.4367415
1807.2419165
1808.0470914
1808.8522664
1809.6574414
1810.4626164
1811.2677914
1812.0729663
1812.8781413
1813.6833163
1814.4884913
1815.2936663
1816.0988412
1816.9040162
1817.7091912
1818.5143662
1819.3195411
1820.1247161
1820.9298911
1821.7350661
1822.5402411
1823.3454160
1824.1505910
1824.9557660
1825.7609410
1826.5661160
1827.3712909
1828.1764659
1828.9816409
1829.7868159
1830.5919909
1831.3971658
1832.2023408
1833.0075158
1833.8126908
1834.6178657
1835.4230407